6 1.0000 329 146 388 273
6 0.9999 745 91 795 223
6 0.9999 77 291 184 506
6 0.9998 281 182 357 377
6 0.9998 649 210 733 394
6 0.9994 450 219 529 368
6 0.9993 534 39 561 117
6 0.9993 635 69 673 180
5 0.9968 690 268 754 419
6 0.9965 671 122 715 252
10 0.9946 700 11 1280 700
6 0.9919 692 84 739 200
10 0.9912 0 5 571 579
6 0.9871 687 61 730 151
4 0.9838 266 74 290 103
6 0.8429 684 0 701 30
1 0.7208 663 242 711 309
1 0.6409 708 74 733 108
6 0.4650 621 69 651 174
1 0.4283 636 68 672 175
3 0.3376 471 283 516 337
