6 0.9999 394 89 434 222
6 0.9999 604 206 682 384
6 0.9998 551 386 696 634
6 0.9996 428 44 468 152
6 0.9995 493 41 534 168
6 0.9963 317 58 347 138
6 0.9931 484 0 510 55
6 0.9907 448 36 480 121
3 0.9905 489 95 508 132
6 0.9886 93 422 210 651
10 0.9882 0 7 378 715
6 0.9667 424 15 447 80
3 0.9633 628 258 678 320
6 0.9620 468 0 487 25
3 0.8386 325 71 346 104
6 0.8340 970 607 1110 718
3 0.8171 542 463 606 548
6 0.6881 349 5 365 38
6 0.6683 191 482 437 720
1 0.5821 977 660 1072 720
3 0.4721 604 205 684 385
1 0.4086 570 439 676 551
3 0.3337 494 48 530 158
3 0.3315 476 8 492 24
