10 345.5 1.5 508.5 126.5
6 52.0 106.0 86.0 152.0
6 69.0 103.0 97.0 147.0
6 74.0 98.5 102.0 139.5
1 86.5 125.5 101.5 144.5
6 134.5 75.5 153.5 118.5
6 143.5 73.5 168.5 116.5
6 152.5 71.0 175.5 113.0
6 207.5 42.0 220.5 90.0
6 232.5 32.5 247.5 77.5
6 268.0 33.0 284.0 73.0
6 312.0 28.0 326.0 64.0
6 407.5 135.0 514.5 341.0
6 460.0 86.5 518.0 235.5
6 495.0 81.0 541.0 217.0
6 536.5 97.0 583.5 237.0
6 580.5 103.5 643.5 234.5
6 624.0 117.5 690.0 344.5
3 632.5 219.5 671.5 262.5
3 578.0 170.0 600.0 220.0
6 487.5 25.0 508.5 83.0
3 503.0 48.0 515.0 68.0
6 547.0 30.5 569.0 87.5
6 541.5 59.5 586.5 110.5
6 545.5 45.0 570.5 89.0
