6 685.0 312.0 921.0 560.0
1 772.0 377.5 852.0 422.5
6 4.5 71.5 33.5 160.5
3 8.5 103.0 23.5 123.0
3 26.5 100.5 37.5 131.5
6 41.0 86.0 77.0 142.0
6 56.5 81.0 87.5 135.0
6 69.0 78.0 105.0 126.0
3 87.5 104.5 106.5 129.5
6 124.0 59.5 158.0 106.5
6 144.0 54.5 168.0 99.5
6 183.0 42.0 207.0 86.0
6 198.0 43.0 220.0 81.0
6 206.5 38.0 227.5 80.0
6 209.0 28.0 229.0 74.0
6 219.5 25.0 238.5 71.0
6 244.0 17.5 260.0 64.5
6 328.0 8.5 342.0 41.5
6 351.0 5.5 361.0 38.5
3 329.0 24.0 335.0 32.0
3 256.0 43.5 266.0 58.5
6 604.0 61.0 646.0 117.0
3 617.0 72.5 627.0 89.5
6 589.5 46.0 630.5 90.0
6 594.0 39.5 624.0 86.5
6 594.0 30.5 618.0 77.5
6 586.5 27.5 609.5 66.5
6 554.0 17.5 578.0 86.5
5 568.0 44.0 578.0 90.0
3 549.5 32.5 562.5 57.5
1 555.0 33.0 571.0 53.0
6 577.5 8.0 594.5 52.0
6 553.5 10.5 574.5 43.5
6 554.0 1.0 568.0 29.0
6 635.0 133.0 699.0 323.0
6 681.0 145.5 735.0 338.5
1 726.5 186.5 759.5 245.5
6 632.0 116.5 728.0 245.5
6 651.5 113.5 702.5 206.5
