10 9.5 0.5 1038.5 1373.5
6 1256.5 1028.0 1361.5 1290.0
3 1253.0 1112.5 1307.0 1179.5
6 409.5 1592.0 554.5 1928.0
6 448.5 1748.5 571.5 1943.5
6 1088.5 692.0 1167.5 886.0
3 1081.0 771.0 1121.0 831.0
6 1034.0 681.5 1094.0 870.5
6 1317.0 429.0 1393.0 603.0
9 1376.5 518.0 1419.5 600.0
1 1303.5 448.0 1346.5 516.0
6 1213.0 339.0 1275.0 497.0
1 1240.0 376.5 1274.0 425.5
6 1300.0 360.5 1332.0 503.5
6 1383.5 227.0 1438.5 371.0
6 1315.0 185.5 1361.0 320.5
6 40.5 390.0 103.5 520.0
6 35.0 353.0 99.0 463.0
6 147.0 303.5 193.0 446.5
6 188.5 274.5 233.5 409.5
6 23.0 254.5 77.0 377.5
6 2524.0 493.0 2592.0 647.0
1 2520.5 510.0 2565.5 576.0
6 2500.5 252.0 2549.5 408.0
6 2409.0 263.5 2455.0 394.5
6 2340.0 221.5 2374.0 328.5
6 2371.5 198.0 2410.5 308.0
6 2303.5 213.0 2344.5 351.0
6 2548.5 397.0 2591.5 545.0
6 2355.5 359.0 2410.5 489.0
1 2351.5 386.0 2382.5 436.0
6 2194.0 101.5 2228.0 210.5
6 2159.0 131.5 2193.0 222.5
10 1432.0 0.5 2436.0 1877.5
10 1660.0 3.0 2592.0 1851.0
