10 1435.5 6.5 2020.5 1071.5
6 302.0 197.5 340.0 308.5
6 335.0 188.0 371.0 282.0
6 184.5 338.5 237.5 475.5
6 228.5 260.0 281.5 370.0
6 59.5 316.5 100.5 437.5
6 121.5 329.5 172.5 450.5
6 141.5 318.5 186.5 447.5
6 1.0 405.0 61.0 567.0
9 41.0 462.0 77.0 550.0
6 12.0 298.0 62.0 440.0
6 1236.5 1141.5 1377.5 1470.5
6 1349.0 783.0 1459.0 1047.0
3 1354.5 861.0 1391.5 935.0
6 1201.0 612.5 1297.0 823.5
3 1188.0 683.0 1230.0 737.0
6 1303.0 529.0 1379.0 729.0
3 1303.0 615.0 1335.0 671.0
6 1396.0 189.5 1444.0 314.5
6 1309.0 192.5 1353.0 313.5
6 1210.5 236.5 1259.5 369.5
6 1210.5 287.0 1265.5 433.0
6 1365.0 94.0 1415.0 198.0
6 1337.5 48.0 1404.5 168.0
6 2448.5 372.0 2521.5 534.0
6 2498.5 369.0 2545.5 505.0
6 2154.0 41.5 2196.0 132.5
6 1897.0 3.5 1947.0 102.5
3 1893.5 35.5 1906.5 66.5
