10 1391.5 1.0 1722.5 449.0
10 1558.5 0.5 2587.5 1831.5
6 111.5 205.5 150.5 336.5
3 104.5 258.0 127.5 302.0
6 202.5 105.0 249.5 207.0
6 1008.5 1316.0 1203.5 1748.0
1 1064.5 1416.0 1149.5 1560.0
6 1133.0 1066.5 1245.0 1369.5
1 1123.5 1125.5 1204.5 1240.5
6 1097.5 969.0 1212.5 1261.0
6 1126.0 386.5 1194.0 561.5
2 1164.0 448.5 1196.0 489.5
6 1243.0 285.0 1299.0 449.0
6 1186.5 194.5 1241.5 343.5
3 1226.0 228.5 1276.0 283.5
6 1227.5 62.0 1260.5 186.0
6 1263.0 60.5 1297.0 137.5
6 1314.0 48.0 1344.0 138.0
6 1293.5 35.5 1320.5 126.5
4 1965.5 287.5 2018.5 312.5
