6 84.0 287.5 178.0 504.5
6 282.5 197.0 357.5 369.0
3 308.0 228.5 352.0 295.5
6 334.5 143.0 383.5 275.0
6 312.0 154.0 352.0 266.0
3 470.5 277.0 519.5 345.0
6 452.5 223.0 533.5 375.0
9 700.5 305.0 757.5 413.0
1 659.5 235.0 714.5 307.0
6 649.5 206.0 726.5 392.0
1 677.5 147.5 712.5 192.5
6 670.5 127.0 719.5 241.0
6 747.0 89.5 801.0 228.5
6 630.0 67.0 676.0 179.0
6 699.0 93.5 739.0 186.5
1 680.0 77.0 702.0 113.0
6 680.0 63.0 710.0 147.0
6 698.0 61.5 738.0 140.5
1 715.5 72.0 740.5 108.0
6 646.5 36.0 675.5 104.0
6 683.0 1.0 701.0 29.0
6 531.5 38.5 568.5 115.5
10 0.5 1.0 555.5 557.0
10 708.5 0.5 1279.5 717.5
4 266.0 77.0 290.0 99.0
