6 963.0 602.5 1115.0 719.5
6 211.5 504.5 446.5 719.5
6 84.0 418.5 226.0 625.5
3 538.5 436.0 607.5 546.0
1 587.0 427.0 675.0 551.0
6 565.5 381.0 694.5 625.0
1 618.0 234.0 680.0 326.0
6 601.5 203.0 696.5 387.0
1 393.5 111.0 428.5 159.0
6 390.5 94.0 441.5 214.0
3 488.0 102.0 508.0 136.0
3 455.5 98.5 478.5 125.5
6 490.5 52.5 537.5 141.5
6 427.5 57.5 470.5 148.5
1 453.0 50.5 477.0 77.5
6 450.0 38.5 482.0 115.5
1 486.5 8.0 503.5 26.0
6 486.5 2.5 507.5 53.5
6 435.0 27.5 459.0 72.5
6 424.5 16.0 447.5 58.0
1 322.0 74.5 344.0 101.5
6 319.5 63.5 354.5 140.5
1 308.5 59.0 327.5 83.0
6 313.0 47.5 337.0 108.5
6 346.5 9.0 359.5 41.0
10 1.0 1.0 385.0 681.0
