6 257.5 333.5 532.5 908.5
6 242.5 65.5 291.5 176.5
6 524.0 176.5 716.0 529.5
3 623.5 255.5 706.5 408.5
6 557.5 538.5 900.5 1079.5
6 775.0 284.5 1047.0 787.5
3 847.0 401.5 979.0 582.5
6 814.5 32.0 903.5 226.0
1 879.0 114.5 923.0 193.5
6 890.5 0.0 953.5 154.0
6 958.0 5.5 1012.0 142.5
6 970.5 0.5 1009.5 89.5
6 1012.5 1.0 1063.5 91.0
6 1472.0 611.0 1806.0 1059.0
6 1419.5 294.5 1616.5 757.5
6 1573.0 357.0 1779.0 783.0
3 1214.5 343.0 1289.5 453.0
6 1230.0 206.5 1384.0 595.5
6 1386.5 137.5 1539.5 464.5
6 1354.0 77.0 1446.0 295.0
6 1439.5 81.5 1492.5 304.5
6 1414.5 66.5 1463.5 267.5
3 1261.0 124.0 1317.0 172.0
6 1247.5 62.5 1318.5 281.5
6 1305.0 64.5 1365.0 277.5
6 1241.5 12.0 1294.5 186.0
10 1.0 1.0 675.0 371.0
4 1745.0 93.5 1839.0 184.5
10 1218.0 1.0 1920.0 739.0
