4 90.5 172.5 135.5 215.5
10 1.0 113.0 213.0 539.0
2 653.5 373.5 836.5 512.5
6 194.5 588.0 317.5 720.0
6 285.0 558.0 435.0 720.0
6 402.0 670.0 522.0 720.0
6 810.0 572.0 924.0 720.0
3 831.5 634.0 892.5 716.0
6 838.5 380.5 949.5 619.5
6 665.5 317.0 762.5 495.0
6 962.5 338.0 1053.5 516.0
1 1013.5 373.0 1054.5 447.0
5 848.5 281.5 909.5 388.5
6 852.0 233.0 932.0 387.0
0 586.5 232.0 645.5 350.0
6 823.0 167.5 877.0 288.5
6 586.5 186.0 639.5 310.0
6 605.5 163.5 660.5 290.5
6 641.5 143.5 694.5 278.5
6 785.5 67.5 818.5 146.5
6 615.5 53.5 640.5 114.5
