10 1.0 1.0 519.0 719.0
10 583.5 205.5 712.5 574.5
6 274.0 394.5 482.0 719.5
3 287.0 574.0 411.0 720.0
3 430.0 572.5 550.0 719.5
1 608.5 297.5 675.5 398.5
6 355.5 154.5 422.5 383.5
1 390.5 228.5 421.5 281.5
3 382.5 275.0 427.5 329.0
6 436.5 138.0 507.5 356.0
3 430.0 219.0 462.0 269.0
6 500.5 117.0 571.5 315.0
6 439.5 123.0 506.5 335.0
6 447.0 104.0 515.0 306.0
6 567.5 67.0 610.5 187.0
6 552.5 48.5 585.5 137.5
6 447.5 49.5 488.5 152.5
6 490.5 16.0 511.5 80.0
6 512.0 26.0 532.0 90.0
6 537.0 21.5 567.0 72.5
6 512.0 7.5 530.0 46.5
