6 21.0 243.0 125.0 475.0
6 286.5 67.5 325.5 188.5
1 662.5 410.5 753.5 539.5
3 644.0 532.5 742.0 613.5
6 612.5 389.5 739.5 654.5
1 654.5 218.5 717.5 293.5
6 664.0 191.5 742.0 406.5
5 777.0 213.5 881.0 326.5
1 785.0 175.5 835.0 234.5
6 786.5 157.0 865.5 317.0
6 677.5 50.5 712.5 131.5
6 726.0 42.0 750.0 106.0
6 746.5 82.5 777.5 189.5
1 816.5 143.5 853.5 186.5
6 817.5 124.5 856.5 255.5
6 822.0 100.5 846.0 191.5
1 855.0 105.5 877.0 136.5
6 852.5 88.5 885.5 175.5
1 884.0 89.5 908.0 120.5
6 883.0 80.0 919.0 170.0
6 903.5 49.5 922.5 114.5
6 889.5 46.5 908.5 99.5
6 904.5 42.0 921.5 104.0
10 984.0 1.0 1280.0 353.0
